version https://git-lfs.github.com/spec/v1
oid sha256:893d29ebf839b831156637d37fbd0a585a2bda5f47e141d915e7e75cc78b13af
size 3646337
